



1218 1690 1795 1874 1991 2286 2302 2306 3196 

1218 1690 1795 1874 1991 2286 2302 2306 3196 





1753 2612 







1218 1690 1795 1874 1991 2286 2302 2306 3196 









1218 1690 1795 1874 1991 2286 2302 2306 3196 


2281 






13 24 38 89 112 132 188 217 295 317 369 379 399 411 518 574 1287 1303 1384 1387 1434 1536 1564 1583 1775 1956 2004 2032 2051 2056 2180 2301 2307 2605 2799 2812 2833 2847 2886 2899 


1218 1690 1795 1874 1991 2286 2302 2306 3196 














1218 1690 1795 1874 1991 2286 2302 2306 3196 



431 545 1000 1051 1138 1219 1947 2070 2073 2224 2243 2287 2349 2367 2481 2676 2713 2762 2784 2785 2811 2822 2852 2928 2981 2989 3219 

1218 1690 1795 1874 1991 2286 2302 2306 3196 


1218 1690 1795 1874 1991 2286 2302 2306 3196 


















189 212 1238 1255 1256 1329 1330 1358 1463 2672 









1218 1690 1795 1874 1991 2286 2302 2306 3196 









189 212 1238 1255 1256 1329 1330 1358 1463 2672 









1843 2775 
1218 1690 1795 1874 1991 2286 2302 2306 3196 
27 1026 1959 189 212 1238 1255 1256 1329 1330 1358 1463 2672 




1218 1690 1795 1874 1991 2286 2302 2306 3196 
















37 114 366 541 1388 1406 2817 2818 



13 24 38 89 112 132 188 217 295 317 369 379 399 411 518 574 1287 1303 1384 1387 1434 1536 1564 1583 1775 1956 2004 2032 2051 2056 2180 2301 2307 2605 2799 2812 2833 2847 2886 2899 
















50 291 











1218 1690 1795 1874 1991 2286 2302 2306 3196 






1218 1690 1795 1874 1991 2286 2302 2306 3196 






23 60 105 163 167 198 247 304 343 363 377 781 895 1244 1312 1345 1371 1409 1419 1468 2375 2389 2401 2800 2815 2832 2838 2840 2921 2926 









1218 1690 1795 1874 1991 2286 2302 2306 3196 
189 212 1238 1255 1256 1329 1330 1358 1463 2672 
























1218 1690 1795 1874 1991 2286 2302 2306 3196 







1611 










37 114 366 541 1388 1406 2817 2818 




1218 1690 1795 1874 1991 2286 2302 2306 3196 

77 92 119 156 227 977 1020 1975 1983 2055 2082 2282 2321 2326 2735 2736 2915 










1218 1690 1795 1874 1991 2286 2302 2306 3196 

1218 1690 1795 1874 1991 2286 2302 2306 3196 




































1611 
77 92 119 156 227 977 1020 1975 1983 2055 2082 2282 2321 2326 2735 2736 2915 





1218 1690 1795 1874 1991 2286 2302 2306 3196 

















1218 1690 1795 1874 1991 2286 2302 2306 3196 



1218 1690 1795 1874 1991 2286 2302 2306 3196 
1611 














1218 1690 1795 1874 1991 2286 2302 2306 3196 








1218 1690 1795 1874 1991 2286 2302 2306 3196 
























1218 1690 1795 1874 1991 2286 2302 2306 3196 




















653 








1218 1690 1795 1874 1991 2286 2302 2306 3196 


1218 1690 1795 1874 1991 2286 2302 2306 3196 



18 63 115 1235 1310 1383 2309 2813 2831 2834 
336 496 514 566 2074 2610 



















1218 1690 1795 1874 1991 2286 2302 2306 3196 

1218 1690 1795 1874 1991 2286 2302 2306 3196 




































431 545 1000 1051 1138 1219 1947 2070 2073 2224 2243 2287 2349 2367 2481 2676 2713 2762 2784 2785 2811 2822 2852 2928 2981 2989 3219 



185 361 954 1007 2858 3014 







1218 1690 1795 1874 1991 2286 2302 2306 3196 





1218 1690 1795 1874 1991 2286 2302 2306 3196 


587 2531 2555 2944 






1218 1690 1795 1874 1991 2286 2302 2306 3196 






185 361 954 1007 2858 3014 





146 165 922 1247 1431 1863 3203 

336 496 514 566 2074 2610 

















1218 1690 1795 1874 1991 2286 2302 2306 3196 









1218 1690 1795 1874 1991 2286 2302 2306 3196 







1218 1690 1795 1874 1991 2286 2302 2306 3196 












1218 1690 1795 1874 1991 2286 2302 2306 3196 





1218 1690 1795 1874 1991 2286 2302 2306 3196 








1218 1690 1795 1874 1991 2286 2302 2306 3196 






1218 1690 1795 1874 1991 2286 2302 2306 3196 


11 14 39 43 155 168 236 263 272 286 292 294 330 335 351 360 380 406 416 428 430 1239 1267 1286 1311 1317 1322 1324 1356 1401 1428 1501 1530 1545 1550 1565 2029 2362 2371 2410 2448 2476 



1218 1690 1795 1874 1991 2286 2302 2306 3196 




















2161 2396 2460 2590 




1218 1690 1795 1874 1991 2286 2302 2306 3196 






826 1053 1142 1948 1951 2688 


















1218 1690 1795 1874 1991 2286 2302 2306 3196 










1218 1690 1795 1874 1991 2286 2302 2306 3196 



1218 1690 1795 1874 1991 2286 2302 2306 3196 








1218 1690 1795 1874 1991 2286 2302 2306 3196 


1218 1690 1795 1874 1991 2286 2302 2306 3196 







1906 3175 



1635 1744 
1218 1690 1795 1874 1991 2286 2302 2306 3196 








1218 1690 1795 1874 1991 2286 2302 2306 3196 











1668 1763 1897 2139 2147 2525 2586 2988 

148 1405 1507 2376 148 1405 1507 2376 







1218 1690 1795 1874 1991 2286 2302 2306 3196 















1218 1690 1795 1874 1991 2286 2302 2306 3196 








1218 1690 1795 1874 1991 2286 2302 2306 3196 











1218 1690 1795 1874 1991 2286 2302 2306 3196 











138 162 176 226 255 271 1308 1369 1426 1455 1645 2045 2880 2885 2967 







1218 1690 1795 1874 1991 2286 2302 2306 3196 









213 319 596 1438 1444 2047 2948 
1218 1690 1795 1874 1991 2286 2302 2306 3196 
433 959 1937 2083 2470 










209 392 426 1474 1491 1509 1547 1607 1924 2352 2409 2933 

1218 1690 1795 1874 1991 2286 2302 2306 3196 






1218 1690 1795 1874 1991 2286 2302 2306 3196 












1218 1690 1795 1874 1991 2286 2302 2306 3196 
2626 




1218 1690 1795 1874 1991 2286 2302 2306 3196 


1950 





9 34 106 283 284 329 1359 1413 1469 1470 1484 2027 2044 2050 2288 2310 2332 2381 2416 2635 2854 2908 2920 

















826 1053 1142 1948 1951 2688 

1218 1690 1795 1874 1991 2286 2302 2306 3196 

1218 1690 1795 1874 1991 2286 2302 2306 3196 





813 1047 2075 3109 3150 
1611 

306 538 807 2402 2429 2596 2644 3005 





270 309 2364 












1218 1690 1795 1874 1991 2286 2302 2306 3196 











1218 1690 1795 1874 1991 2286 2302 2306 3196 






201 287 338 404 423 549 1319 1332 1362 1392 1421 1451 1452 1472 1601 1960 2829 3041 





667 
636 748 1786 2296 2557 



2430 


336 496 514 566 2074 2610 

23 60 105 163 167 198 247 304 343 363 377 781 895 1244 1312 1345 1371 1409 1419 1468 2375 2389 2401 2800 2815 2832 2838 2840 2921 2926 
1218 1690 1795 1874 1991 2286 2302 2306 3196 




355 413 2034 
264 326 334 341 991 1367 1498 1508 1514 1578 1751 2573 2821 


2161 2396 2460 2590 
264 326 334 341 991 1367 1498 1508 1514 1578 1751 2573 2821 
1153 
1218 1690 1795 1874 1991 2286 2302 2306 3196 













1218 1690 1795 1874 1991 2286 2302 2306 3196 





826 1053 1142 1948 1951 2688 








1218 1690 1795 1874 1991 2286 2302 2306 3196 







254 282 371 2042 2361 2431 2816 

321 384 1041 1936 1952 2043 2072 2234 2255 2273 2400 3055 







209 392 426 1474 1491 1509 1547 1607 1924 2352 2409 2933 
1611 



336 496 514 566 2074 2610 

826 1053 1142 1948 1951 2688 
1493 1540 2469 
620 1652 
1218 1690 1795 1874 1991 2286 2302 2306 3196 


826 1053 1142 1948 1951 2688 





1218 1690 1795 1874 1991 2286 2302 2306 3196 

218 302 332 342 348 362 410 412 1404 1447 1505 2399 2892 

1218 1690 1795 1874 1991 2286 2302 2306 3196 





1218 1690 1795 1874 1991 2286 2302 2306 3196 
921 

2182 

1218 1690 1795 1874 1991 2286 2302 2306 3196 















1218 1690 1795 1874 1991 2286 2302 2306 3196 















1218 1690 1795 1874 1991 2286 2302 2306 3196 



2161 2396 2460 2590 






1218 1690 1795 1874 1991 2286 2302 2306 3196 










2494 3044 3064 












1218 1690 1795 1874 1991 2286 2302 2306 3196 



1218 1690 1795 1874 1991 2286 2302 2306 3196 
















1218 1690 1795 1874 1991 2286 2302 2306 3196 

2626 



1218 1690 1795 1874 1991 2286 2302 2306 3196 











1218 1690 1795 1874 1991 2286 2302 2306 3196 
2161 2396 2460 2590 






2161 2396 2460 2590 



2161 2396 2460 2590 





























1218 1690 1795 1874 1991 2286 2302 2306 3196 












1218 1690 1795 1874 1991 2286 2302 2306 3196 





667 





1218 1690 1795 1874 1991 2286 2302 2306 3196 

























































185 361 954 1007 2858 3014 







1218 1690 1795 1874 1991 2286 2302 2306 3196 










































1218 1690 1795 1874 1991 2286 2302 2306 3196 








1218 1690 1795 1874 1991 2286 2302 2306 3196 


















































1040 1084 1134 1842 1881 1954 2949 3230 

















490 614 







489 576 




















1218 1690 1795 1874 1991 2286 2302 2306 3196 
431 545 1000 1051 1138 1219 1947 2070 2073 2224 2243 2287 2349 2367 2481 2676 2713 2762 2784 2785 2811 2822 2852 2928 2981 2989 3219 

1153 













































517 540 577 1613 1659 1799 2084 2985 

























































581 1018 2076 2244 3124 







1218 1690 1795 1874 1991 2286 2302 2306 3196 





























1209 2777 
















2161 2396 2460 2590 
















1635 1744 













449 468 568 608 622 820 2258 2976 3063 
213 319 596 1438 1444 2047 2948 


489 576 

























449 468 568 608 622 820 2258 2976 3063 










1112 2091 



















































1218 1690 1795 1874 1991 2286 2302 2306 3196 











































1218 1690 1795 1874 1991 2286 2302 2306 3196 















































































1843 2775 

































707 




















































































919 1730 2086 2107 













336 496 514 566 2074 2610 

1726 







321 384 1041 1936 1952 2043 2072 2234 2255 2273 2400 3055 








2593 


2494 3044 3064 











































1218 1690 1795 1874 1991 2286 2302 2306 3196 









710 







456 656 773 1615 3003 3037 


2131 2526 2974 2986 



777 827 931 2651 
































1218 1690 1795 1874 1991 2286 2302 2306 3196 










722 1657 
812 2058 2390 









460 1804 2153 2226 3101 









189 212 1238 1255 1256 1329 1330 1358 1463 2672 



















2138 











575 714 770 864 956 1049 1074 1129 1595 1876 2201 2246 2447 3031 3070 



2265 































3042 



856 






















1036 


















777 827 931 2651 
185 361 954 1007 2858 3014 

2161 2396 2460 2590 



573 819 990 




826 1053 1142 1948 1951 2688 





















859 1054 1285 2019 3039 3100 3152 3195 









2161 2396 2460 2590 





1894 2633 


































2626 









1668 1763 1897 2139 2147 2525 2586 2988 



2138 


1726 















733 1100 1816 1820 1849 2183 2582 3206 







903 




2666 3135 







906 2516 

681 896 
336 496 514 566 2074 2610 
171 182 911 1399 2026 2337 



2202 3073 3121 3216 







1921 






918 












986 










87 937 1014 1127 1188 1313 1326 1817 1930 2169 2217 2415 2674 2712 3024 3097 3141 
733 1100 1816 1820 1849 2183 2582 3206 


3181 







1218 1690 1795 1874 1991 2286 2302 2306 3196 




2666 3135 





968 2228 2642 


2161 2396 2460 2590 

















2666 3135 




526 676 1017 1482 2040 2434 




1831 




185 361 954 1007 2858 3014 











1755 1829 2663 2667 3092 














77 92 119 156 227 977 1020 1975 1983 2055 2082 2282 2321 2326 2735 2736 2915 

























1755 1829 2663 2667 3092 
185 361 954 1007 2858 3014 
433 959 1937 2083 2470 
































877 1840 
1989 3232 








79 81 102 129 190 200 204 214 231 239 246 534 594 643 783 996 1028 1104 1117 1123 1334 1382 1621 1648 1725 1878 1908 2181 2227 2229 2254 2274 2320 2344 2356 2368 2528 2589 2751 2868 2982 3002 3084 3099 3155 3165 3188 
573 819 990 
988 1174 1281 
336 496 514 566 2074 2610 














988 1174 1281 



992 





573 819 990 











1218 1690 1795 1874 1991 2286 2302 2306 3196 


933 994 1077 1891 2014 2239 2729 2783 
2140 3051 







87 937 1014 1127 1188 1313 1326 1817 1930 2169 2217 2415 2674 2712 3024 3097 3141 1218 1690 1795 1874 1991 2286 2302 2306 3196 




2451 2617 2662 




1611 



935 1050 1058 1062 1185 1815 1819 1927 2657 3111 3134 3162 




















1019 


1813 
2177 




431 545 1000 1051 1138 1219 1947 2070 2073 2224 2243 2287 2349 2367 2481 2676 2713 2762 2784 2785 2811 2822 2852 2928 2981 2989 3219 
2451 2617 2662 













1755 1829 2663 2667 3092 
826 1053 1142 1948 1951 2688 


667 

1726 1218 1690 1795 1874 1991 2286 2302 2306 3196 









2451 2617 2662 
968 2228 2642 




581 1018 2076 2244 3124 








321 384 1041 1936 1952 2043 2072 2234 2255 2273 2400 3055 

1046 1105 1125 1178 1190 1251 2257 3215 3220 


77 92 119 156 227 977 1020 1975 1983 2055 2082 2282 2321 2326 2735 2736 2915 
87 937 1014 1127 1188 1313 1326 1817 1930 2169 2217 2415 2674 2712 3024 3097 3141 










1726 

9 34 106 283 284 329 1359 1413 1469 1470 1484 2027 2044 2050 2288 2310 2332 2381 2416 2635 2854 2908 2920 


923 1038 1082 1092 1175 2205 2710 2714 2725 

995 

935 1050 1058 1062 1185 1815 1819 1927 2657 3111 3134 3162 
1044 2807 
1063 

2202 3073 3121 3216 
1116 1990 2191 3144 3149 




826 1053 1142 1948 1951 2688 




3181 








455 1727 1803 2650 2671 934 3050 



935 1050 1058 1062 1185 1815 1819 1927 2657 3111 3134 3162 





733 1100 1816 1820 1849 2183 2582 3206 

733 1100 1816 1820 1849 2183 2582 3206 




1141 










667 

321 384 1041 1936 1952 2043 2072 2234 2255 2273 2400 3055 












813 1047 2075 3109 3150 








2260 3027 

2260 3027 







667 








2253 




















431 545 1000 1051 1138 1219 1947 2070 2073 2224 2243 2287 2349 2367 2481 2676 2713 2762 2784 2785 2811 2822 2852 2928 2981 2989 3219 


1209 2777 

1191 


















826 1053 1142 1948 1951 2688 
1106 2213 
2260 3027 


1108 

1106 2213 
689 824 840 947 1122 
1126 1149 1192 1871 2739 




1046 1105 1125 1178 1190 1251 2257 3215 3220 

826 1053 1142 1948 1951 2688 




733 1100 1816 1820 1849 2183 2582 3206 

917 998 999 1029 1119 1177 1913 2680 3147 3157 3159 








1046 1105 1125 1178 1190 1251 2257 3215 3220 


917 998 999 1029 1119 1177 1913 2680 3147 3157 3159 








923 1038 1082 1092 1175 2205 2710 2714 2725 
733 1100 1816 1820 1849 2183 2582 3206 




321 384 1041 1936 1952 2043 2072 2234 2255 2273 2400 3055 


1153 








960 1110 1577 1845 1857 2141 2221 2236 2506 2740 




1111 

899 1094 1797 1802 1830 2266 2692 2732 3110 3122 
77 92 119 156 227 977 1020 1975 1983 2055 2082 2282 2321 2326 2735 2736 2915 



933 994 1077 1891 2014 2239 2729 2783 


494 666 1638 1642 1651 1665 1754 1781 1784 1818 1844 1873 1916 1925 1946 2185 2488 2512 2585 2607 2620 2625 2697 2741 2759 3065 3120 3131 3172 

494 666 1638 1642 1651 1665 1754 1781 1784 1818 1844 1873 1916 1925 1946 2185 2488 2512 2585 2607 2620 2625 2697 2741 2759 3065 3120 3131 3172 
575 714 770 864 956 1049 1074 1129 1595 1876 2201 2246 2447 3031 3070 







843 965 1043 1113 1290 1503 1608 2011 2760 2767 3213 


1611 

1611 

1907 2719 
859 1054 1285 2019 3039 3100 3152 3195 





2743 





1126 1149 1192 1871 2739 
843 965 1043 1113 1290 1503 1608 2011 2760 2767 3213 
843 965 1043 1113 1290 1503 1608 2011 2760 2767 3213 





890 932 936 1855 2144 2690 

2265 
826 1053 1142 1948 1951 2688 

1031 1035 1067 1131 1135 1143 1161 1166 1171 1210 1271 1278 1283 1902 1964 2263 2264 2275 2795 3167 3208 


843 965 1043 1113 1290 1503 1608 2011 2760 2767 3213 



843 965 1043 1113 1290 1503 1608 2011 2760 2767 3213 


1153 



2776 
1155 1160 1213 2010 2012 2247 2267 2750 2757 3198 3200 3214 

3204 







321 384 1041 1936 1952 2043 2072 2234 2255 2273 2400 3055 











843 965 1043 1113 1290 1503 1608 2011 2760 2767 3213 

1184 

1153 
185 361 954 1007 2858 3014 

826 1053 1142 1948 1951 2688 

3204 
667 




843 965 1043 1113 1290 1503 1608 2011 2760 2767 3213 
1712 1833 





1162 2248 


1205 



813 1047 2075 3109 3150 

1205 
1162 2248 




1155 1160 1213 2010 2012 2247 2267 2750 2757 3198 3200 3214 
449 468 568 608 622 820 2258 2976 3063 






843 965 1043 1113 1290 1503 1608 2011 2760 2767 3213 



1218 1690 1795 1874 1991 2286 2302 2306 3196 


1040 1084 1134 1842 1881 1954 2949 3230 
1726 
1906 3175 

667 


1205 
77 92 119 156 227 977 1020 1975 1983 2055 2082 2282 2321 2326 2735 2736 2915 
1205 







814 1511 3182 
2202 3073 3121 3216 















612 793 852 1186 1279 2772 




1155 1160 1213 2010 2012 2247 2267 2750 2757 3198 3200 3214 

843 965 1043 1113 1290 1503 1608 2011 2760 2767 3213 



1150 1223 2515 
1200 1268 1270 1284 2782 



1150 1223 2515 



935 1050 1058 1062 1185 1815 1819 1927 2657 3111 3134 3162 




1182 2013 2279 
1182 2013 2279 
843 965 1043 1113 1290 1503 1608 2011 2760 2767 3213 
1155 1160 1213 2010 2012 2247 2267 2750 2757 3198 3200 3214 

2789 3202 
1031 1035 1067 1131 1135 1143 1161 1166 1171 1210 1271 1278 1283 1902 1964 2263 2264 2275 2795 3167 3208 

431 545 1000 1051 1138 1219 1947 2070 2073 2224 2243 2287 2349 2367 2481 2676 2713 2762 2784 2785 2811 2822 2852 2928 2981 2989 3219 
2789 3202 






1280 1961 
1280 1961 


843 965 1043 1113 1290 1503 1608 2011 2760 2767 3213 

1046 1105 1125 1178 1190 1251 2257 3215 3220 
1031 1035 1067 1131 1135 1143 1161 1166 1171 1210 1271 1278 1283 1902 1964 2263 2264 2275 2795 3167 3208 
1606 1774 2186 2278 2942 











431 545 1000 1051 1138 1219 1947 2070 2073 2224 2243 2287 2349 2367 2481 2676 2713 2762 2784 2785 2811 2822 2852 2928 2981 2989 3219 








988 1174 1281 


1200 1268 1270 1284 2782 



1162 2248 










921 





912 2796 

843 965 1043 1113 1290 1503 1608 2011 2760 2767 3213 


960 1110 1577 1845 1857 2141 2221 2236 2506 2740 


2177 






3218 
575 714 770 864 956 1049 1074 1129 1595 1876 2201 2246 2447 3031 3070 









